{
  "advancedEditorSelectedIdentifier" : "StatisticsPluginID",
  "openSceneRelativePaths" : [
    "Immersive.usda",
    "Untitled.usda"
  ],
  "recentIdentifiers" : {
    "6ED953FB-DA76-425D-88A4-341E421C80D4" : [

    ],
    "AF09ED6F-1707-48FD-8720-65B998362C09" : [

    ]
  },
  "sceneCameraHistory" : {
    "6ED953FB-DA76-425D-88A4-341E421C80D4" : [
      {
        "date" : 776359519.623372,
        "title" : "Untitled",
        "transform" : [
          0.9111067,
          0,
          -0.41217062,
          0,
          -0.29144862,
          0.7071069,
          -0.6442497,
          0,
          0.29144868,
          0.70710677,
          0.6442498,
          0,
          0.6710057,
          1.6289252,
          1.7411474,
          1
        ]
      },
      {
        "date" : 776359481.621653,
        "title" : "Untitled",
        "transform" : [
          0.9071153,
          0,
          -0.42088225,
          0,
          -0.29760867,
          0.7071069,
          -0.64142734,
          0,
          0.29760873,
          0.70710677,
          0.64142746,
          0,
          0.46795562,
          1.1118442,
          1.008571,
          1
        ]
      },
      {
        "date" : 776359479.218348,
        "title" : "Untitled",
        "transform" : [
          0.9806659,
          0,
          0.19568944,
          0,
          0.13837333,
          0.7071069,
          -0.6934355,
          0,
          -0.13837335,
          0.70710677,
          0.6934356,
          0,
          -0.22000356,
          1.1242486,
          1.1025125,
          1
        ]
      },
      {
        "date" : 776359475.415654,
        "title" : "Untitled",
        "transform" : [
          0.9806659,
          0,
          0.19568944,
          0,
          0.13837333,
          0.7071069,
          -0.6934355,
          0,
          -0.13837335,
          0.70710677,
          0.6934356,
          0,
          -0.29325286,
          1.4985626,
          1.4695895,
          1
        ]
      },
      {
        "date" : 776359474.024574,
        "title" : "Untitled",
        "transform" : [
          0.9806659,
          0,
          0.19568944,
          0,
          0.13837333,
          0.7071069,
          -0.6934355,
          0,
          -0.13837335,
          0.70710677,
          0.6934356,
          0,
          -0.34665897,
          1.771475,
          1.7372253,
          1
        ]
      }
    ],
    "AF09ED6F-1707-48FD-8720-65B998362C09" : [
      {
        "date" : 776359523.517169,
        "title" : "Untitled",
        "transform" : [
          1,
          0,
          0,
          0,
          0,
          1,
          0,
          0,
          0,
          0,
          1,
          0,
          -0.08369905,
          1.0978028,
          1.9999999,
          1
        ]
      },
      {
        "date" : 776359426.078032,
        "title" : "Untitled",
        "transform" : [
          0.99990565,
          -1.7340709e-09,
          0.013736369,
          0,
          0.005929366,
          0.90203756,
          -0.43161675,
          0,
          -0.012390572,
          0.43165746,
          0.9019525,
          0,
          0.3174893,
          2.0632644,
          4.2766495,
          1
        ]
      },
      {
        "date" : 776359417.072872,
        "title" : "Untitled",
        "transform" : [
          0.3204979,
          -1.7340709e-09,
          0.94724923,
          0,
          0.4088872,
          0.90203756,
          -0.13834536,
          0,
          -0.8544544,
          0.43165746,
          0.2891013,
          0,
          -2.0137212,
          1.058297,
          0.88504463,
          1
        ]
      },
      {
        "date" : 776359413.250484,
        "title" : "Untitled",
        "transform" : [
          0.3161658,
          -1.7340707e-09,
          -0.9487039,
          0,
          -0.4095152,
          0.90203756,
          -0.1364753,
          0,
          0.8557667,
          0.43165746,
          0.28519332,
          0,
          2.9725635,
          1.4701892,
          0.70807797,
          1
        ]
      },
      {
        "date" : 776359404.966802,
        "title" : "Untitled",
        "transform" : [
          0.9181337,
          -1.7340707e-09,
          -0.3962708,
          0,
          -0.17105335,
          0.90203756,
          -0.3963192,
          0,
          0.35745132,
          0.43165746,
          0.82819104,
          0,
          1.3213162,
          1.5671207,
          2.5766683,
          1
        ]
      },
      {
        "date" : 776359397.950135,
        "title" : "Untitled",
        "transform" : [
          -0.608756,
          8.769786e-11,
          -0.79335755,
          0,
          -0.60732937,
          0.6434147,
          0.46601364,
          0,
          0.5104578,
          0.7655179,
          -0.39168257,
          0,
          1.4501758,
          2.2741022,
          -0.9252731,
          1
        ]
      },
      {
        "date" : 776359393.241095,
        "title" : "Untitled",
        "transform" : [
          0.99907273,
          8.769786e-11,
          0.04305509,
          0,
          0.03295937,
          0.6434146,
          -0.76480794,
          0,
          -0.027702238,
          0.7655179,
          0.642818,
          0,
          -0.22640869,
          2.3854423,
          1.7992749,
          1
        ]
      },
      {
        "date" : 776359388.271741,
        "title" : "Untitled",
        "transform" : [
          0.9926374,
          8.769786e-11,
          0.12112415,
          0,
          0.09272263,
          0.6434147,
          -0.7598817,
          0,
          -0.077933,
          0.7655179,
          0.6386773,
          0,
          -0.363914,
          2.1764038,
          1.5693506,
          1
        ]
      },
      {
        "date" : 776359247.095142,
        "title" : "Untitled",
        "transform" : [
          0.99996257,
          -1.190208e-10,
          0.00865116,
          0,
          0.0032061604,
          0.92879134,
          -0.37058935,
          0,
          -0.008035139,
          0.37060326,
          0.9287566,
          0,
          0.033842906,
          0.65649754,
          1.8569875,
          1
        ]
      },
      {
        "date" : 776359242.493379,
        "title" : "Untitled",
        "transform" : [
          0.99427706,
          -3.529088e-10,
          0.10683228,
          0,
          0.014394865,
          0.99088067,
          -0.13397141,
          0,
          -0.105858065,
          0.13474257,
          0.98520994,
          0,
          -0.17182273,
          0.20162986,
          2.1014175,
          1
        ]
      }
    ]
  },
  "sceneViewportBackgroundColors" : {

  },
  "selectedSceneRelativePath" : "Untitled.usda"
}